2.660347668368785 -0.7753617337784153
2.6172037857868764 -6.107268421670935
-0.628161259782567 3.5648756159851898
-1.588101168810333 7.781337280354723
4.8749683719479995 -6.1505485886527484
0.8531220479632526 2.6968796481662842
-1.940687676661146 3.407594003230426
-2.7632512883601996 6.241108847495861
-1.2535534368047232 3.8242023355832346
-0.3483156624517119 2.3895290526969246
-0.7098977172786188 0.6943196097238942
-0.6526902990541963 1.6098030854114744
1.1989497511426144 -1.715415891076729
-0.577313055366403 -2.464033167672002
0.7291323154317684 -4.826196103147704
-0.9174759589586655 1.8202271162749721
0.21043420759903886 -12.713162981198783
-3.968387355914277 10.996429911969585
0.017242156606040338 3.5607021391511777
-0.21550210657877403 0.9020832802055196
2.008523103134718 -0.7166841947075794
1.437184895018398 -0.5020743643642304
-0.8951982760589146 3.895775482423499
0.27467516655352997 -1.65594188123473
-0.1893575394424576 2.358973599168044
-0.8391133617492139 2.8033826577396583
0.11742971572268504 -0.24192693634257972
-5.98579981170262 8.37352708812454
1.328606773314382 0.9081890781257876
-2.034660258419109 5.928665819565483
0.08447779615826934 1.4518624345062898
-0.9770766720226474 1.125645875139714
3.9673455165391274 -6.648400912528347
-3.5251859897823774 1.0322509738282402
-11.43761167478693 3.3182271290879535
-1.6091899814843145 0.3485152043358405
-0.6942525344160472 -1.104169365232276
-1.3064550427602617 1.31090910854203
0.020850538633178258 0.031846968985924005
4.57301175498032 -7.362785617169269
3.8882438790070535 2.3743666027584345
1.0093235541086514 -0.43376802976165935
-1.8336109561674951 -0.442114214285265
-0.08287344608674663 1.7389177086654435
-3.0451635722894514 2.5332998905117283
0.9779707548635213 -3.0192472301688036
-1.4308741256268496 2.986233892971857
1.0119908230909926 -4.097010834938353
-2.0347847561784107 4.677817310740166
-2.8762481287517048 0.9741556352709175
0.4704136738932404 0.13664786041593033
-2.820257273740476 4.301471253089174
-3.3471859997962463 7.03453771735946
3.1041457413035163 -2.2051754396743637
1.3064255774321296 -2.218309483184907
2.695742922628205 -3.8751422930145405
-0.33391044946351967 15.106216760086227
1.7420883754368486 -2.1105272529968473
-2.1664114051163104 -1.5347614900465203
2.7904332945733534 -4.044533894815715
-0.2565784483546949 2.8628327762995016
4.746373108898278 -4.240892584237714
0.2820460845100632 4.037496623507722
-0.9377182108205973 7.403927395230259
-1.6508485381418525 2.995416298962791
1.205445074083286 -2.1044067499267403
2.926675937316014 -1.4711343616072623
-2.136744222196515 2.4616748115463034
1.3924577129331173 -6.420646564204046
-3.412735034092058 3.4041939120684037
-0.9050269426492701 2.2458555599200305
-1.3280176412031979 0.8723363733210814
3.444905407435671 -4.130070355568094
-1.8008292749578347 4.344969259139065
-5.004189195378451 9.819271162320064
-0.660567871313269 3.900375263529268
-1.5078207878632652 0.9702997853305542
-0.18424998201075415 3.4774093021029384
-1.0583782606181416 0.0067364713078505445
1.2790494685211071 -4.8843037157192555
-0.8525706200179342 3.0996368125616036
-1.8954836171674039 -0.4450095875154247
3.3725647616395986 -4.0941479070424815
-0.23411907199945492 0.7761809884885582
-0.5477978891394587 -0.1574677644933797
0.27271422002104595 -3.0873686564442018
-4.551484268477749 7.914377599752648
1.509858386090252 -1.4621859247098603
1.5251176180378943 0.1314411173833805
-4.336899378024299 3.062938813023274
-2.649107174030205 3.529972334104123
-4.547601918797699 1.1330397922395412
-1.0798961377639167 0.43065373565535237
-2.0226126351650784 4.781245247761049
1.881134488991666 -1.6826147185141362
-0.8828587597021261 9.898160895059208
1.219078333881827 -3.1172529616343976
0.03390483742478867 -1.5928188046660914
-1.793798414786773 1.6535110309952372
-2.4805278579936796 2.6541850432520357
-1.137169816976478 -1.243527825636035
-2.5314905466543385 0.003490538784590047
-1.3600528639019542 1.1935630603264378
-1.9280301369403336 -0.6247274538442598
-2.44668438438869 5.629813755720571
-1.952208598261977 3.6080935128237077
0.3639834600830879 1.8487528347198632
2.4463724867500245 -12.104735456791602
-0.5808512949123745 1.6074290729664031
-1.2956479323785195 1.171012965282343
-2.768926650089808 5.417031273051396
2.6496757713693944 -7.744320908793642
0.7452942756617493 1.7445888828096123
-2.271838289354772 3.783772183315977
1.2784471618686446 -0.24501295223321506
3.7031133758389285 -5.649350570342292
-1.187526644077603 1.3907726996212164
2.6953793813184825 -0.8794540141158627
-1.2305789153710085 3.812791862767407
2.2457129760675176 -4.499745950391182
1.3707317968833574 -1.3268927403219897
1.5320670850352704 -4.0625376655467775
-3.9371487464686568 8.5495352727593
-2.0195562953081523 -0.7443264508758347
-1.0524940072284057 2.6502137566386326
0.5939316250462292 -0.12428820109977196
1.4708807033158262 -1.1759370388048893
4.060139573917013 -2.30852482107868
-0.3241290530370182 0.051349644569732456
3.13636282346474 -3.42770957454966
-0.5623375208511161 -0.08798308952630174
-0.5869191602013675 1.905745858874163
1.3151744237724383 -5.458701224477618
1.581320468434038 -0.6122934793787593
1.6816778459579504 -1.190775010520867
2.899044054581232 -2.821645107242729
-0.7340737577592628 1.1277490844433746
0.11086299441355585 -1.24360837963059
-6.313909074677438 6.127907439519169
-2.393185303685597 2.274816713850232
-3.3111620057123003 10.179645327176068
3.5808440559334627 -5.040141175979264
1.8278273712360833 -2.984746141707397
2.9691916037081443 -5.269805466722886
4.808060330418984 -2.5245314094090974
-0.38486506179665947 5.8200387162655565
0.6877643413477776 -3.2265325186379608
4.499617126907001 -12.71846675197186
-2.70281770133862 1.4133341828819244
-1.0292525290526935 0.6903874073453542
