2.660347668368785 -0.7753617337784153
2.6172037857868764 -6.107268421670935
-0.628161259782567 3.5648756159851898
-1.588101168810333 7.781337280354723
4.8749683719479995 -6.1505485886527484
0.8531220479632526 2.6968796481662842
-1.940687676661146 3.407594003230426
-2.7632512883601996 6.241108847495861
-1.2535534368047232 3.8242023355832346
-0.3483156624517119 2.3895290526969246
-0.7098977172786188 0.6943196097238942
-0.6526902990541963 1.6098030854114744
1.1989497511426144 -1.715415891076729
-0.577313055366403 -2.464033167672002
0.7291323154317684 -4.826196103147704
-0.9174759589586655 1.8202271162749721
0.21043420759903886 -12.713162981198783
-3.968387355914277 10.996429911969585
0.017242156606040338 3.5607021391511777
-0.21550210657877403 0.9020832802055196
2.008523103134718 -0.7166841947075794
1.437184895018398 -0.5020743643642304
-0.8951982760589146 3.895775482423499
0.27467516655352997 -1.65594188123473
-0.1893575394424576 2.358973599168044
-0.8391133617492139 2.8033826577396583
0.11742971572268504 -0.24192693634257972
-5.98579981170262 8.37352708812454
1.328606773314382 0.9081890781257876
-2.034660258419109 5.928665819565483
0.08447779615826934 1.4518624345062898
-0.9770766720226474 1.125645875139714
3.9673455165391274 -6.648400912528347
-3.5251859897823774 1.0322509738282402
-11.43761167478693 3.3182271290879535
-1.6091899814843145 0.3485152043358405
-0.6942525344160472 -1.104169365232276
-1.3064550427602617 1.31090910854203
0.020850538633178258 0.031846968985924005
4.57301175498032 -7.362785617169269
3.8882438790070535 2.3743666027584345
1.0093235541086514 -0.43376802976165935
-1.8336109561674951 -0.442114214285265
-0.08287344608674663 1.7389177086654435
-3.0451635722894514 2.5332998905117283
0.9779707548635213 -3.0192472301688036
-1.4308741256268496 2.986233892971857
1.0119908230909926 -4.097010834938353
-2.0347847561784107 4.677817310740166
-2.8762481287517048 0.9741556352709175
0.4704136738932404 0.13664786041593033
-2.820257273740476 4.301471253089174
-3.3471859997962463 7.03453771735946
3.1041457413035163 -2.2051754396743637
1.3064255774321296 -2.218309483184907
2.695742922628205 -3.8751422930145405
-0.33391044946351967 15.106216760086227
1.7420883754368486 -2.1105272529968473
-2.1664114051163104 -1.5347614900465203
2.7904332945733534 -4.044533894815715
-0.2565784483546949 2.8628327762995016
4.746373108898278 -4.240892584237714
0.2820460845100632 4.037496623507722
-0.9377182108205973 7.403927395230259
-1.6508485381418525 2.995416298962791
1.205445074083286 -2.1044067499267403
2.926675937316014 -1.4711343616072623
-2.136744222196515 2.4616748115463034
1.3924577129331173 -6.420646564204046
-3.412735034092058 3.4041939120684037
-0.9050269426492701 2.2458555599200305
-1.3280176412031979 0.8723363733210814
3.444905407435671 -4.130070355568094
-1.8008292749578347 4.344969259139065
-5.004189195378451 9.819271162320064
